A6B12	5648dccee530d68ceb3e4d7d22cf8756	98.814	253	1333	437	689	1	253	19
A6B12	637b9b3f4d1cbb1a10c07817619cdf69	98.024	253	1333	437	689	1	253	19
A6B12	0b36c352632cb1346cdc7d73f9fb376c	97.233	253	1333	437	689	1	253	19
A6B12	6376ea6dab7d0fde3cd66f53b57e1484	97.244	254	1333	437	689	1	253	19
A6B12	ad572e5440f1263ea2a77f642748451f	96.850	254	1333	437	689	1	253	19
A6B12	9af3467db68cf6063627304cecd46a65	96.850	254	1333	437	689	1	253	19
A6B12	f7db392d45a200438b42f95dba2f6ae1	95.167	269	1333	442	709	6	271	20
A6B12	daed5a5e05797a803338c4210f1d88c7	96.457	254	1333	437	689	1	253	19
A6B12	0f18144d308ada95632ab5193d92073f	96.443	253	1333	437	689	1	253	19
A6B12	9ed960cec4179ca2acf6add232af3861	96.063	254	1333	437	689	1	253	19
A6B12	dc8cdae40c01484c59cf4aded3b2dcdd	96.371	248	1333	442	689	6	253	19
A6B12	1d8b71eba4d6dec45a4ddb51ebfb0c3b	95.652	253	1333	437	689	1	253	19
A6B12	c06ccd1f7d57566ef669942328b1a946	95.652	253	1333	437	689	1	253	19
A6B12	428e4a80a1e14a59d72810a32f62f434	95.968	248	1333	442	689	6	253	19
A6B12	86d6db0b6e15510fa5d27ceae8fd5e0d	95.257	253	1333	437	689	1	253	19
A6B12	8b5884acc8c736df09c4260b50dc9297	95.276	254	1333	437	689	1	253	19
A6B12	11ce578448d96f6e3d209dbdd0c6e032	95.276	254	1333	437	689	1	253	19
A6B12	0597d3b28922e4f929adc17b896638c3	95.582	249	1333	442	689	6	253	19
A6B12	6f3f68e5c8e2a11b388ddbbea9fa182d	95.582	249	1333	442	689	6	253	19
A6B12	b4289ab0a9a00034c1fbce477b2c4ded	94.862	253	1333	437	689	1	253	19
A6B12	29856b6e0b1482c205ae0a82a11cd21e	95.161	248	1333	442	689	6	253	19
A6B12	fcaede22973da8fd8135e2affe58abe2	95.181	249	1333	442	689	6	253	19
A6B12	5932984928746a2a9577e75d0583e57e	94.466	253	1333	437	689	1	253	19
A6B12	09f21e418f224bb0f8de6c44d57129b6	95.142	247	1333	444	689	7	253	18
A6B12	ea136a7b581ca452588009424c1ab52f	94.779	249	1333	442	689	6	253	19
A6B12	8f6a4fa9283cf9ea8e5834cf72849f21	94.378	249	1333	442	689	6	253	19
A6B12	f11b9c7b5c4a41f2f48976c7538acab5	94.378	249	1333	442	689	6	253	19
A6B12	a04f41f640fafe4ac73e4a9c6e06726b	93.952	248	1333	442	689	6	253	19
A6B12	24f71442509a9bc95611ed4ac25bfbc7	94.000	250	1333	442	689	6	253	19
A6B12	a47f1d9b166707448add5c1c113eb511	93.574	249	1333	442	689	6	253	19
A6B12	df366b0cf05a27c054dd35e0ebebe490	93.574	249	1333	442	689	6	253	19
A6B12	350ec1852f0032c2ac7b7f8303bd80ed	92.913	254	1333	437	689	1	253	19
A6B12	4fa5bd065fcc6ba51ebcad9fa9d50f81	92.520	254	1333	437	689	1	253	19
A6B12	59562fd1ae27e9dcc0396508a6dee2d0	92.520	254	1333	437	689	1	253	19
A6B12	10ac2d19f9a989826d3faf1a505546a1	92.126	254	1333	437	689	1	253	19
A6B12	c0632c114f8f2e27ea6ced56ad14e876	92.400	250	1333	437	686	1	250	19
A6B12	f27a5012b352824e793970e521a36cbd	92.126	254	1333	437	689	1	253	19
A6B12	042bcc8b49852e6d9c8043a04a9ef741	92.095	253	1333	437	689	1	253	19
A6B12	bd604c2588a414af6580dcce8378260e	92.095	253	1333	437	689	1	253	19
A6B12	93096434ec01e1af03c85d75395668aa	92.126	254	1333	437	689	1	253	19
A6B12	a6830365c899132ff90efc9ce0d5336f	91.700	253	1333	437	689	1	253	19
A6B12	d9208f95aaa5ac8c117dc181449449a3	91.700	253	1333	437	689	1	253	19
A6B12	ade0f8a47688c3103a4b5b27a8682676	91.700	253	1333	437	689	1	253	19
A6B12	c8a11ee175b6d0ad0eb69a7bcb571587	91.700	253	1333	437	689	1	253	19
A6B12	f839f0aaf163385bca5350c5c8b23427	91.935	248	1333	442	689	6	253	19
A6B12	6e8efab449ddea67d4e3f6b591569c71	91.935	248	1333	442	689	6	253	19
A6B12	690b907e2f6b5eb0e17f12c183991170	91.968	249	1333	442	689	6	253	19
A6B12	4d421061d7e5701210ca733dd3e401f5	91.339	254	1333	437	689	1	253	19
A6B12	627fd95a675efe6b9c94d265b53110bf	91.304	253	1333	437	689	1	253	19
A6B12	3776c5f80d70de99a1da7341661d794a	91.304	253	1333	437	689	1	253	19
A6B12	33f45aecd01a6b4e3c110d6209c2d22b	91.304	253	1333	437	689	1	253	19
A6B12	9680ce482942f13bea2543f9a8d81f22	91.532	248	1333	442	689	6	253	19
A6B12	99e10abcb13c075b6ba53cf7f77afea9	89.377	273	1333	437	709	1	271	20
A6B12	e5d70689acdb19cf2f6473fb72c8b391	91.532	248	1333	442	689	6	253	19
A6B12	a5118d585e493e80b9b6cbc82402d550	90.945	254	1333	437	689	1	253	19
A6B12	22758087a94dfe55684a9a3730daa7b2	90.909	253	1333	437	689	1	253	19
A6B12	2021faaf7bc491a938c89572e1d423df	91.235	251	1333	437	686	1	250	19
A6B12	8cbcda6ecdc978a4b99d705a92f6e27f	90.909	253	1333	437	689	1	253	19
A6B12	a05f7dc163302fb58c703102b14da9be	90.909	253	1333	437	689	1	253	19
A6B12	5dc12c2e2f50bbb420972a76fc1915ad	90.909	253	1333	437	689	1	253	19
A6B12	136fe3ac68cfb3d115839b0b7ab016c2	89.552	268	1333	442	709	6	271	20
A6B12	94683aaa9437d31808b05a52c15836d8	89.474	266	1333	424	689	3	268	20
A6B12	beb65acb0cd4cf77a5352e4b6a05c85d	89.179	268	1333	422	689	8	275	20
A6B12	1fdc57a9f9a3829e301c520dafae85aa	90.514	253	1333	437	689	1	253	19
A6B12	3f090c9f22bae066f0c407659967c4b3	90.514	253	1333	437	689	1	253	19
A6B12	6e1d494409cd36b64fb4b7792d413b8a	90.514	253	1333	437	689	1	253	19
A6B12	59b58c9addc14bcd088d70104e78cffa	90.514	253	1333	437	689	1	253	19
A6B12	c23f69d6ee359d32d4a6312b838bf165	90.514	253	1333	437	689	1	253	19
A6B12	50370b0cf484cf0355030110aaa44ff6	90.551	254	1333	437	689	1	253	19
A6B12	4661c64c585abb89a2d28feb71ed8950	90.514	253	1333	437	689	1	253	19
A6B12	cfc5afa93a266952e73e93557686f4e8	90.514	253	1333	437	689	1	253	19
A6B12	0b3a4291eb34198460b80581ff4cb13a	89.394	264	1333	426	689	5	268	20
A6B12	7958b569f97d2a8b3e3cfc483349a472	89.615	260	1333	442	701	6	265	20
A6B12	a310b8a4ad4a0c9bd9d00766397d370f	89.394	264	1333	427	689	8	270	20
A6B12	273ab9d7bc21a341b111becac4ef1bf8	88.727	275	1333	437	709	1	271	20
A6B12	c443b865f165ec66c72d978df861c857	90.800	250	1333	442	689	6	253	19
A6B12	97934d59a11f41ad9d8994ee4c110540	90.119	253	1333	437	689	1	253	19
A6B12	8ac1523216e58aa826f3a0ba17975e0a	89.575	259	1333	442	700	6	264	19
A6B12	3070d795996899f73da8891976f958d7	90.119	253	1333	437	689	1	253	19
A6B12	b146f039ea08c2f46954c0299985d4fc	90.119	253	1333	437	689	1	253	19
A6B12	527af1ffa3309ff6201e774fc9e7bf89	90.157	254	1333	437	689	1	253	19
A6B12	c93bdcd9037d015e523ce6980705b550	90.119	253	1333	437	689	1	253	19
A6B12	28b818fded7df9117fcd604aaf44415f	90.196	255	1333	437	689	1	253	19
A6B12	d516bc00f56a30d5fe0ab1390e1a1174	89.272	261	1333	442	701	6	265	20
A6B12	8862a188b23081f41722e98874aaf2be	89.723	253	1333	437	689	1	253	19
A6B12	6a20214573ae49e456a027c57d56c9d8	89.723	253	1333	437	689	1	253	19
A6B12	4ba35eab26e5c90044413e06641d3a8e	89.764	254	1333	437	689	1	253	19
A6B12	201ada5b6df7a35b50b59c55a3627185	89.723	253	1333	437	689	1	253	19
A6B12	3f501f5a1876328f7d2aadaa692f72aa	89.723	253	1333	437	689	1	253	19
A6B12	05b811e8a008eefa3b61a0c8695ca74f	90.079	252	1333	437	686	1	250	19
A6B12	309bf16cfd5ca12295b0d7c88de50004	89.723	253	1333	437	689	1	253	19
A6B12	f5216fb11f69b27065cfd2aa6b6f2e72	89.764	254	1333	437	689	1	253	19
A6B12	61bc6221f0ecf9853b04bca710bb1078	89.723	253	1333	437	689	1	253	19
A6B12	f883b57c0cc77c9b896cd4864515d683	89.723	253	1333	437	689	1	253	19
A6B12	5b2680cb025439fda05909c4f68e60a5	89.723	253	1333	437	689	1	253	19
A6B12	a517fe7f0572948153f7ba5fd7606199	89.764	254	1333	437	689	1	253	19
A6B12	524f945306ac2c325b6027df82cc10c2	89.723	253	1333	437	689	1	253	19
A6B12	ba48fcb1cc49aa1ad9e12ac06639deae	88.722	266	1333	437	700	1	264	20
A6B12	75f841a45308c9e33daf97cfecd16002	89.960	249	1333	442	689	6	253	19
A6B12	2d0bdf615e61bafb0ee570e3441c6fb5	90.000	250	1333	442	689	6	253	19
A6B12	eb26b926401a7aeaea3099f870e54dc4	89.919	248	1333	442	689	6	253	19
A6B12	871f6772c050aab03eb1c64739b1e7a4	89.328	253	1333	437	689	1	253	19
A6B12	f71f9f17141a96a8e9e615c639a8fac0	89.370	254	1333	437	689	1	253	19
A6B12	7fc5ebb31d51b0266b0f7fb4fadcc8f6	88.846	260	1333	442	700	6	264	19
A6B12	70e7fdf597c8373a9489d8ec713d032f	89.412	255	1333	437	689	1	253	19
A6B12	17c1ee5ee5bb98fff3552a17f0536b70	89.328	253	1333	437	689	1	253	19
A6B12	caae379b12bb26bec0d7e1a4899fbe4d	89.370	254	1333	437	689	1	253	19
A6B12	efb8c7786b6204cb48061dca5e34da3a	88.148	270	1333	442	709	6	273	20
A6B12	bfcb47f5eab29deda48eb66561b8aca1	89.412	255	1333	437	689	1	253	19
A6B12	c25edcfa097f489e663adb1e3566ff58	89.328	253	1333	437	689	1	253	19
A6B12	cb4a8ef25eb95be647bc59ca8b803df3	89.328	253	1333	437	689	1	253	19
A6B12	64224e4943cca7140e0db791036e11a2	89.328	253	1333	437	689	1	253	19
A6B12	1e5223ae9e4c2a89bb76cc4f6af989ae	88.302	265	1333	425	689	5	269	20
A6B12	ca58ac3b0a880683eaf0bb1b2ed53134	89.328	253	1333	437	689	1	253	19
A6B12	69e941c5b7f7c477c06766948c4ab94e	89.328	253	1333	437	689	1	253	19
A6B12	8c6e8174624a8dc4f1a77aed0c5ceb7a	89.328	253	1333	437	689	1	253	19
A6B12	d488d59ace4be37d2b0047b6b19a3e18	89.370	254	1333	437	689	1	253	19
A6B12	38de3c86a39dc7e9c3a4639884a0ea6e	89.328	253	1333	437	689	1	253	19
A6B12	3b161916093bae5667ee7c8a7979afca	89.370	254	1333	437	689	1	253	19
A6B12	e4d9699729e0e056a0c772efc6dd6005	89.370	254	1333	437	689	1	253	19
A6B12	041d9ce3bb20e5fd8649c2aa038ec3a2	89.370	254	1333	437	689	1	253	19
A6B12	d7919a02feeaa34eaa8a0adfa6b6f6cb	89.328	253	1333	437	689	1	253	19
A6B12	9a58e1416b40ad934d4cc88348aba555	89.328	253	1333	437	689	1	253	19
A6B12	a34c67c3e970be24a82f8b4c537c08ed	89.328	253	1333	437	689	1	253	19
A6B12	cd5d998d449d15981eedeac7bdfa5298	89.412	255	1333	437	689	1	253	19
A6B12	52940d1944104ca78f9c3e7b3b6c7f7f	88.346	266	1333	437	700	1	264	20
A6B12	38e2d1010b1195e1314e4f4231fd5282	88.104	269	1333	442	709	6	271	20
A6B12	3a60c8ceec1afc5febaf7040c2a938ee	88.060	268	1333	442	709	6	271	20
A6B12	e3dc12d95aab6614a3fc2713d872957d	89.960	249	1333	444	689	7	253	18
A6B12	51b19d59c5e0199aac82ea085f230c7c	88.258	264	1333	442	704	6	268	20
A6B12	4b43bc7b5969a079c82c7963810cc0f6	88.258	264	1333	442	704	6	269	20
A6B12	3ea886f38f0da8aac415daef0ff486c5	88.302	265	1333	442	704	6	269	20
A6B12	9fcef10d91094c4348045587419f247e	89.558	249	1333	442	689	6	253	19
A6B12	97490bcd03c33dac36330073d507c7dd	88.462	260	1333	442	701	6	265	20
A6B12	a77d8a7d0427dd2eea78a60a785e6298	88.933	253	1333	437	689	1	253	19
A6B12	e0822db7f66fe22ebbff980af672a313	88.933	253	1333	437	689	1	253	19
A6B12	a1d937d20425b1427a7f10173e16f2bb	88.462	260	1333	442	700	6	264	19
A6B12	59ee0ee77466b4889b04612cfd3cd80f	88.933	253	1333	437	689	1	253	19
A6B12	01964b2a695338d8aa3ebe7dcf6a6fe0	88.417	259	1333	442	700	6	264	19
A6B12	6e8a7006b75ad895396560f180b37e87	88.933	253	1333	437	689	1	253	19
A6B12	5e9577fe39f18495dda6e045748760d5	89.243	251	1333	437	686	1	250	19
A6B12	b30dddd19392d756ea6086be511be1ae	88.933	253	1333	437	689	1	253	19
A6B12	d57c8c6ad0e4797eb9c078acf9d768f8	88.976	254	1333	437	689	1	253	19
A6B12	733f15a1eebd6bd07c0aa250c53fe003	88.933	253	1333	437	689	1	253	19
A6B12	39cb91049547b1a4ad033b68f8645b0d	88.933	253	1333	437	689	1	253	19
A6B12	c22bb397b5e21419475bb0f7ad6e0d1a	88.933	253	1333	437	689	1	253	19
A6B12	06394e19be49188fae340a1e179dc546	88.933	253	1333	437	689	1	253	19
A6B12	b6801a9de3109e31d1bdcffa6d6ae7fc	88.933	253	1333	437	689	1	253	19
A6B12	3937ff7bb0b793a1f8d9a2316f864bba	88.933	253	1333	437	689	1	253	19
A6B12	414817eb98a9c0157c550fe2710f0843	88.933	253	1333	437	689	1	253	19
A6B12	b8e7e07819cad0b48d53ca802a8b51ef	88.417	259	1333	442	700	6	264	19
A6B12	f020bb0b69354e526d467974a221b489	89.200	250	1333	437	686	1	250	19
A6B12	f8a542a3624306fbd438d1dee212382e	88.976	254	1333	437	689	1	253	19
A6B12	2d6b0161785185b8ea4af36a7defbe53	88.933	253	1333	437	689	1	253	19
A6B12	23a70362dd9e2a3f922dbff83f659503	88.933	253	1333	437	689	1	253	19
A6B12	da21efd6fb6eb603b270cd7c9d9a7409	88.976	254	1333	437	689	1	253	19
A6B12	3b6811135436c67591d504e32eac267e	88.933	253	1333	437	689	1	253	19
A6B12	49fe7570f5c3871b7f424d9b6bdc8513	88.976	254	1333	437	689	1	253	19
A6B12	26cc0f0ec7663472e4956df2a4d71900	88.933	253	1333	437	689	1	253	19
A6B12	878a134c8d6ac5bf39e83912bf8125f3	88.933	253	1333	437	689	1	253	19
A6B12	8b8334d3bba356d260b6c1bb5dd277f6	88.933	253	1333	437	689	1	253	19
A6B12	e16d86b7fe770de88e7e8fd0fb6c8b5a	89.020	255	1333	437	689	1	253	19
A6B12	cd8b228994a5351dba672743297357f0	87.732	269	1333	442	709	6	271	20
A6B12	2193bcc2e7d2889d8e69594f9f0cc0eb	88.077	260	1333	442	701	6	265	20
A6B12	4ed13ac9890f95594afd9189941684b1	89.157	249	1333	442	689	6	253	19
A6B12	b200a51cdf9cde8d2ec1064b8e1cd551	88.123	261	1333	442	701	6	265	20
A6B12	eba14290e29d29466c0df8977d9bf094	89.113	248	1333	442	689	6	253	19
A6B12	6f3dc1a729583770db3bb0f03af0527d	88.123	261	1333	442	701	6	265	20
A6B12	538dd9c7b2081fb31a7d9b6784770cad	88.077	260	1333	442	701	6	265	20
A6B12	d6b42fd8aee822a3f36ad7fa737caf50	88.031	259	1333	442	700	6	264	19
A6B12	8a5eceda531cd2318ffa61eabdb6fffd	88.538	253	1333	437	689	1	253	19
A6B12	51db6c17a8af0665eb434e7034e4cdfd	88.538	253	1333	437	689	1	253	19
A6B12	f0ef33452e98d17c8c4e5140571fb1d8	88.583	254	1333	437	689	1	253	19
A6B12	99f38d2206c1db2eee86438b00bd3b81	88.077	260	1333	442	700	6	264	19
A6B12	1bb05b12bccaf3fc95f16125c1e84756	88.627	255	1333	437	689	1	253	19
A6B12	ff317fba1f1555c0537ac6470bb06641	88.077	260	1333	442	700	6	264	19
A6B12	6cb758dfe306cdff4348139eca3ef958	88.538	253	1333	437	689	1	253	19
A6B12	228f0eadde2517c1d4c055154d86a6a3	88.538	253	1333	437	689	1	253	19
A6B12	18343417ca34ad5a5d84c38351a5c87a	88.538	253	1333	437	689	1	253	19
A6B12	e4ce7efc43753d9b98afa8d8fc9fcfb0	88.538	253	1333	437	689	1	253	19
A6B12	90d1fe8fca5a8c903cfa88658054143f	88.627	255	1333	437	689	1	253	19
A6B12	5c117f0262d590619a399ef1d0d96560	88.538	253	1333	437	689	1	253	19
A6B12	4e09825ffc56aed650d04f12046dda35	88.583	254	1333	437	689	1	253	19
A6B12	077a691fef00af39d013b2d6ec4596b5	88.583	254	1333	437	689	1	253	19
A6B12	2f2aa98e80749d8ceff5604f9ecf1555	88.583	254	1333	437	689	1	253	19
A6B12	5cec02abe35272dd64d86ed703cb19e7	88.538	253	1333	437	689	1	253	19
A6B12	87b9f797d7a53b222a24d675f8afd879	88.583	254	1333	437	689	1	253	19
A6B12	95e5e9c05059b8c6b4f0521e6f8728da	88.672	256	1333	437	689	1	253	19
A6B12	1ee7db8a643ad104f857e677932a2211	88.538	253	1333	437	689	1	253	19
A6B12	f5c6396c6087842d4bc45c58d98c8e9e	88.583	254	1333	437	689	1	253	19
A6B12	613df9ee33f4d598490bab4147ef9d34	88.627	255	1333	437	689	1	253	19
A6B12	69e6731a1a60809aa5f48010a2164c4e	88.538	253	1333	437	689	1	253	19
A6B12	6112d362565c5797eb555106a550d353	88.538	253	1333	437	689	1	253	19
A6B12	cef5521bc7e8e3e13c2838aa0aca346e	88.583	254	1333	437	689	1	253	19
A6B12	1784300cbc4f38163fe82aea362379f7	88.538	253	1333	437	689	1	253	19
A6B12	259292e27c7847fb2a903b72ce826aec	88.538	253	1333	437	689	1	253	19
A6B12	ff593e334a621da0ee9e463ef9266e3a	88.583	254	1333	437	689	1	253	19
A6B12	a576a103f950b277af0880abeb533aed	88.710	248	1333	442	689	6	253	19
A6B12	e35b217cda42211b18eb9613b3ee8680	88.710	248	1333	442	689	6	253	19
A6B12	263058da4cac31c924e413e2f04061f5	87.500	264	1333	442	704	6	269	20
A6B12	01856fca5e099f744f5209d5ea50e8eb	88.710	248	1333	442	689	6	253	19
A6B12	bef58f9d8d9f5d2d85db586e87023588	88.710	248	1333	442	689	6	253	19
A6B12	2c2c10de7974d1380159aace993fa545	88.142	253	1333	437	689	1	253	19
A6B12	b74511f06246d41dde1a619d2933a571	88.446	251	1333	437	686	1	250	19
A6B12	c36bd8f2fd540d0355d28c38b88ef861	88.142	253	1333	437	689	1	253	19
A6B12	f7257c4f341d7a10ca272d3cbcbb7a45	88.142	253	1333	437	689	1	253	19
A6B12	bc2c273ff9163b0a2ef5c5527cf78618	88.400	250	1333	437	686	1	250	19
A6B12	fe647231df62c49de659531c380305de	88.189	254	1333	437	689	1	253	19
A6B12	f9fdb3ce78b3db7304a4e98ca6177233	88.492	252	1333	437	686	1	250	19
A6B12	11e5ca9e0c20347d51b1ac67b05eddcf	88.235	255	1333	437	689	1	253	19
A6B12	f13c06d769497e18190516b94a58eb6b	88.142	253	1333	437	689	1	253	19
A6B12	6798e5a16aa5e578f1e80bb53962e7ba	88.142	253	1333	437	689	1	253	19
A6B12	8a1cbbf0e7130c298fc830f21f592d56	88.235	255	1333	437	689	1	253	19
A6B12	1c3e9417356ff0af9e100a4df24ec1e5	88.142	253	1333	437	689	1	253	19
A6B12	c42100cc7ae2103d974dbf545a710913	88.142	253	1333	437	689	1	253	19
A6B12	7948ff0132fe816834928875992660e4	88.142	253	1333	437	689	1	253	19
A6B12	fa42cc1177c495f230eef34bdf5e56fc	88.281	256	1333	437	689	1	253	19
A6B12	6de12f1364adc15c081f3c517382f813	88.142	253	1333	437	689	1	253	19
A6B12	0f2e1c10cb5c26c7f799b18b3dedf11f	88.235	255	1333	437	689	1	253	19
A6B12	9623ae048bcd699891016c6733a6ec7b	88.189	254	1333	437	689	1	253	19
A6B12	5342a963f7837dc181f6358185b558d1	88.142	253	1333	437	689	1	253	19
A6B12	c14c12870c4ea9623c75a38f9c5a9994	88.142	253	1333	437	689	1	253	19
A6B12	28f6473e5afdce0f174fe487bb43b5e1	88.235	255	1333	437	689	1	253	19
A6B12	4624e1576caec3f8208e73c52b90ec61	88.235	255	1333	437	689	1	253	19
A6B12	ff0aac429ab7bae5f698949ac05b0abd	88.189	254	1333	437	689	1	253	19
A6B12	945184b6386c192c0066e0a98a154780	88.142	253	1333	437	689	1	253	19
A6B12	8d72558168b43ce308aa014e5d9fea23	88.142	253	1333	437	689	1	253	19
A6B12	6e1575cfc367c39ec52c4d1e699a1fb2	88.142	253	1333	437	689	1	253	19
A6B12	929ce248b01cfea722a7aa7e1d41e262	88.142	253	1333	437	689	1	253	19
A6B12	0419bf8cb2e001655e71ac14f4d62c78	88.142	253	1333	437	689	1	253	19
A6B12	1737bdff3dfedc516023b1fbb3d2c1b9	88.142	253	1333	437	689	1	253	19
A6B12	b9ea6e829288ff9b2263e711a64fae6a	88.142	253	1333	437	689	1	253	19
A6B12	901d16f74618d9db003625b9f2a51c72	88.142	253	1333	437	689	1	253	19
A6B12	0018939bf02c32c9a63c42ade52cefad	88.142	253	1333	437	689	1	253	19
A6B12	098f666e00819319915856fb0b3ce46e	88.142	253	1333	437	689	1	253	19
A6B12	bcc04618081954e7274271bc6fa5fbf5	88.189	254	1333	437	689	1	253	19
A6B12	69f502de8061943a80a1e0233fcea621	88.142	253	1333	437	689	1	253	19
A6B12	54c82e78a5d6403950532c990e12e94e	88.235	255	1333	437	689	1	253	19
A6B12	73ff0a30a35907b93f8e4e13e4874bf0	88.235	255	1333	437	689	1	253	19
A6B12	57d0ee065bbb14c6820467db9f16fa86	87.218	266	1333	437	700	1	264	20
A6B12	3d51ccdda2e03c76eeea369dbf060978	88.353	249	1333	442	689	6	253	19
A6B12	ef5f1b86aafdfab6810c6a58efc0323e	86.891	267	1333	442	707	6	272	20
A6B12	0fd0fc7ab0b29ff0c8f85faabdc5569e	86.940	268	1333	424	689	5	270	20
A6B12	3f6ec3f9c0d4bbdea1fdf6581df502a7	88.353	249	1333	442	689	6	253	19
A6B12	56a419f4af20df7ea738873631bf3bb0	88.306	248	1333	442	689	6	253	19
A6B12	f6811f45be38ffb7955b0a3a40ecbf31	88.306	248	1333	442	689	6	253	19
A6B12	3ddc03ea2b5327a3825bbd75ee3d57ea	88.306	248	1333	442	689	6	253	19
A6B12	2332aa22b4937fdd249166ccc959eb63	88.353	249	1333	442	689	6	253	19
A6B12	9eb59c1298990d76ab7edea6a32d3acf	88.400	250	1333	442	689	6	253	19
A6B12	00276872f6fd8b56f3628a4255f986ff	88.353	249	1333	442	689	6	253	19
A6B12	acd96d98e08f141a217f9a890fa31b8c	88.306	248	1333	442	689	6	253	19
A6B12	75ddacab878a88638135dcd55512ecdd	87.747	253	1333	437	689	1	253	19
A6B12	4df34f42148b2dd79faf290cb63b19b2	88.189	254	1333	437	686	1	250	19
A6B12	bb1a810e953c5f1ff8e58895f63f0168	87.747	253	1333	437	689	1	253	19
A6B12	37704c8e90f3c3dca226847e492d92d3	87.795	254	1333	437	689	1	253	19
A6B12	54e284ca5f24be5dcc8e0bc01811d3b9	86.792	265	1333	425	689	5	269	20
A6B12	ef6e072fe5e560a5df4d9c2da4a3f3d4	86.667	270	1333	437	704	1	269	20
A6B12	c57ddaa7bedc43f82324e0b6a49e7e99	87.795	254	1333	437	689	1	253	19
A6B12	2dc1bf2bf6f057d7f0eaa1d7d34c2259	87.795	254	1333	437	689	1	253	19
A6B12	613359a5a3de15d334f477995115537d	87.747	253	1333	437	689	1	253	19
A6B12	d04b03919f7731fe88b9008612a131a5	87.795	254	1333	437	689	1	253	19
A6B12	85549fee668a9dab9cba70c6e9072453	87.747	253	1333	437	689	1	253	19
A6B12	76f31052cfc2dbfab93835f8b95ff910	87.795	254	1333	437	689	1	253	19
A6B12	8143640979643ed4a3bed0430e2e1773	87.747	253	1333	437	689	1	253	19
A6B12	843e1ab9ce5ca608ff80e4b983b2aaf3	87.843	255	1333	437	689	1	253	19
A6B12	86bfd9d71bd339ac5e851f2b9288d601	87.747	253	1333	437	689	1	253	19
A6B12	7fe69aadf0f2cb9b30a3b29a5bdf0397	88.000	250	1333	437	686	1	250	19
A6B12	92a3024074ad233b2faf0b3e35876635	88.048	251	1333	437	686	1	250	19
A6B12	8ae6e64c9a8b53989c2557ee56fc3f01	87.747	253	1333	437	689	1	253	19
A6B12	afbf86b5939bad7cc2a92203ddc5ca74	87.938	257	1333	437	689	1	253	19
A6B12	319691cea7cc26557d18e02d0b17d2f6	87.747	253	1333	437	689	1	253	19
A6B12	ca4f806179123267a4022eee79bf20c0	88.000	250	1333	437	686	1	250	19
A6B12	bcaf1a3b02cb733e37b9339b16d0369a	87.747	253	1333	437	689	1	253	19
A6B12	b6f131a6807e236133dd045e2a8ea8d8	87.747	253	1333	437	689	1	253	19
A6B12	f35b746d563a0a17f00ed257b67180be	87.795	254	1333	437	689	1	253	19
A6B12	b517b5f3e2a5c5c709e6002b3306a1fe	87.843	255	1333	437	689	1	253	19
A6B12	3cfbe9d1901568e31b324c6bb208ea1e	87.747	253	1333	437	689	1	253	19
A6B12	0809acd32e5e3414b9b96fb6c0f04ea9	87.747	253	1333	437	689	1	253	19
A6B12	7edf9377b1a1ddd91cdce32993901be4	87.843	255	1333	437	689	1	253	19
A6B12	fd2899fba49792389b004ff5b4edc105	87.747	253	1333	437	689	1	253	19
A6B12	dfce827dfc3873e2615ac0269bff6493	87.747	253	1333	437	689	1	253	19
A6B12	69ed78d605f28dce8819ec6305f17864	87.843	255	1333	437	689	1	253	19
A6B12	9e92105bd113118e870303d02b233fd7	87.747	253	1333	437	689	1	253	19
A6B12	286049c4d2da0deeb25a0e8f11efe5f4	87.843	255	1333	437	689	1	253	19
A6B12	9f775e92b88a1437af90dc4a544e7a5f	87.795	254	1333	437	689	1	253	19
A6B12	9ec6c32027e4c9e177a8f06130e4433c	87.747	253	1333	437	689	1	253	19
A6B12	c76ad54fd472e490beff2dee58ae1e78	86.742	264	1333	437	700	1	264	20
A6B12	39d199796afb430c313c6c5d5f45f072	86.282	277	1333	418	689	1	275	20
A6B12	e743714a4c61da8b3aa7fc9edc845166	86.742	264	1333	437	700	1	264	20
A6B12	347db891e05013dba2bf8fc76332eef9	87.903	248	1333	442	689	6	253	19
A6B12	775aaca694ca7c25d683fb20e71b0cfa	87.952	249	1333	442	689	6	253	19
A6B12	6c1e609d0f3f44d29426c1404df257f3	87.952	249	1333	442	689	6	253	19
A6B12	6e378c915d5eb40ab7081886634e558c	87.952	249	1333	442	689	6	253	19
A6B12	8be4b68d1575d21b3c42ac5d70de27a2	87.952	249	1333	442	689	6	253	19
A6B12	51d93be9631e2f9a3d0da8000cc2d46d	86.466	266	1333	424	689	5	270	20
A6B12	df7c44398c9b6398b283ec9164e2b677	88.000	250	1333	442	689	6	253	19
A6B12	d08431e2abf86c4413ea774f496cc50b	88.000	250	1333	442	689	6	253	19
A6B12	d3db4fd8474dc05129d18dedf822c800	87.903	248	1333	442	689	6	253	19
A6B12	f169c81b542ca6c4ef2d78d52fb7f901	87.903	248	1333	442	689	6	253	19
A6B12	2a3dd208b0e6f541d11796297ee3fa9c	87.352	253	1333	437	689	1	253	19
A6B12	99ecf6c5b753495f285be7b6c2b0f403	87.451	255	1333	437	689	1	253	19
A6B12	86209db596307d0acfc3e62efea036c7	87.352	253	1333	437	689	1	253	19
A6B12	432f12d7b7122b18046171a8b582a494	87.402	254	1333	437	689	1	253	19
A6B12	c51b185bf9e269eefd5528faeb58c70d	87.402	254	1333	437	689	1	253	19
A6B12	3bf008b145d361c2f1364610777d5f2d	87.402	254	1333	437	689	1	253	19
A6B12	a626e373b2b9664a3fdbba9fcd6ae702	87.352	253	1333	437	689	1	253	19
A6B12	c1711955f195a270b643095cd6a1e940	87.500	256	1333	437	689	1	253	19
A6B12	2f522475f64dcf0e6f8c20e80d6e2688	87.451	255	1333	437	689	1	253	19
A6B12	1a8da173d0f963bdf41e12246638099b	87.402	254	1333	437	689	1	253	19
A6B12	ba559d0434850c691826f3fa9447cc61	86.245	269	1333	437	704	1	268	20
A6B12	8e6a3fe26cefc539638ed3d8ca50da13	87.352	253	1333	437	689	1	253	19
A6B12	2c01a7a1570ab51cf5d22923d7cfb20c	87.402	254	1333	437	689	1	253	19
A6B12	f2148aff10e25019684b3c28d81811f7	87.402	254	1333	437	689	1	253	19
A6B12	8a1488b8b6fa62e0e6230d102f5a13b6	87.352	253	1333	437	689	1	253	19
A6B12	4208415f0fd118a1f4e2961ea7fac3e6	87.352	253	1333	437	689	1	253	19
A6B12	15a2c95dbe8ca515a06ba525f311748d	87.698	252	1333	437	686	1	250	19
A6B12	9276a3e468383c33a92eeccb3e5afadc	87.402	254	1333	437	689	1	253	19
A6B12	4e696e3c56093679a50d8a6bf7339823	87.352	253	1333	437	689	1	253	19
A6B12	6f6be17f602e8a6d8b060e0ad6ddaae1	87.352	253	1333	437	689	1	253	19
A6B12	c6bf8777fc9dfe83180f183f0b0647a2	87.352	253	1333	437	689	1	253	19
A6B12	7402c6fd98e177d4694261a9dd23eac6	87.352	253	1333	437	689	1	253	19
A6B12	0a19c79d3756fc40d4ccae8c43c135e2	87.352	253	1333	437	689	1	253	19
A6B12	85e79a722e709bd8f731ccbd37f1c54b	87.402	254	1333	437	689	1	253	19
A6B12	5746151c7a0b275559067032814dc1be	87.352	253	1333	437	689	1	253	19
A6B12	81148f4c43b1635f11bd24b15e4417c1	87.352	253	1333	437	689	1	253	19
A6B12	9454cca99d0f11e31d41c2c54243fbc9	87.352	253	1333	437	689	1	253	19
A6B12	506a9c340a93e4b4a661a1f2626741f1	87.352	253	1333	437	689	1	253	19
A6B12	7144ba4ada66eb3a612e6c0e896ad513	87.352	253	1333	437	689	1	253	19
A6B12	a85eab3f484036b3b832c4f9dc71384c	87.352	253	1333	437	689	1	253	19
A6B12	d94a0a7d88f7b1dc719253c8f09707e6	87.352	253	1333	437	689	1	253	19
A6B12	1e01683e1ea3ce38878c0c9a7e636fcb	87.451	255	1333	437	689	1	253	19
A6B12	1bd0f43942fae3c4d8d4dac340cba107	87.352	253	1333	437	689	1	253	19
A6B12	720990c68d5dbc19c78967fde65f1f05	87.352	253	1333	437	689	1	253	19
A6B12	6c7bb8b3bcec83e11ec261d8058a2cd8	87.451	255	1333	437	689	1	253	19
A6B12	5dd2e8c13c3804867d634a149f0fe4fd	87.402	254	1333	437	689	1	253	19
A6B12	ccdc30b475233f1cda78b9ae7cfd78b5	86.415	265	1333	437	700	1	264	20
A6B12	64b2f774f35e951cc51a458160a47464	87.302	252	1333	438	689	2	253	19
A6B12	81f582ee6d3404f415afe168884bd4c3	86.364	264	1333	437	699	1	263	20
A6B12	fdd659b5dde718c13e99d7cbc6437457	85.766	274	1333	437	709	1	271	20
A6B12	40402046d2ee7ae72fd9c1d93f9d55d7	85.766	274	1333	437	709	1	271	20
A6B12	775c1899a7afb828d7f40700ebd61b80	87.550	249	1333	442	689	6	253	19
A6B12	f0838c9ff6e5421cbe0e491be88642a8	87.500	248	1333	442	689	6	253	19
A6B12	ca26bc2d77a04e20134ac37cd911c5d9	87.500	248	1333	442	689	6	253	19
A6B12	4a06af50a29ebadd382510a109b13a32	87.550	249	1333	442	689	6	253	19
A6B12	687d1b873cb14e1b4a3c3b498d135f1e	87.550	249	1333	442	689	6	253	19
A6B12	fdbdc1ac8678ee26a5e45f3811346556	87.500	248	1333	442	689	6	253	19
A6B12	fe5b8c40e39e03239e27ec3c1337028a	87.500	248	1333	442	689	6	253	19
A6B12	2ec297822a72ac3700c74f174c360f65	87.500	248	1333	442	689	6	253	19
A6B12	0055b354311129f522900b525fdd5493	87.500	248	1333	442	689	6	253	19
A6B12	37e5596942c0453e8d0ebc818d817f46	87.500	248	1333	442	689	6	253	19
A6B12	cbc26ad159fafc4449d617d68a961d33	86.957	253	1333	437	689	1	253	19
A6B12	7b77c9122cde306f3a44ca140aa5c079	87.008	254	1333	437	689	1	253	19
A6B12	c7264d869f6cc7c060e638979bc08614	86.957	253	1333	437	689	1	253	19
A6B12	59036e88272aa445e08ebff8106f911b	86.957	253	1333	437	689	1	253	19
A6B12	e0e6494d35ed56f76a1d6c822a09c8d7	86.957	253	1333	437	689	1	253	19
A6B12	d1df6e891117d563abfe024158211cac	87.008	254	1333	437	689	1	253	19
A6B12	7f123a3d0a70fc75dfdbacb656c282ff	86.957	253	1333	437	689	1	253	19
A6B12	7f80bd919decaa58464d09759e3273ad	86.957	253	1333	437	689	1	253	19
A6B12	c2919ca28b2505f7f2ad4ddd61c7288c	86.957	253	1333	437	689	1	253	19
A6B12	239f2341401ecc3843e5a4916a6c0d0d	87.008	254	1333	437	689	1	253	19
A6B12	628d456aa8f70f49cb8364c4a178493d	86.957	253	1333	437	689	1	253	19
A6B12	c7dd78d91c3098cbd3358e887289e8b2	87.008	254	1333	437	689	1	253	19
A6B12	c2df202ae3992e0276262ae525127230	86.957	253	1333	437	689	1	253	19
A6B12	85dd1da136007329036015d2e6527216	86.957	253	1333	437	689	1	253	19
A6B12	cd542e962c8af8e42bb2ff5b939f4778	86.957	253	1333	437	689	1	253	19
A6B12	6e504b16c44f8de48fbbdb2496f623ec	86.957	253	1333	437	689	1	253	19
A6B12	16944f5a022bc70a31c59d3f0d8ab312	86.957	253	1333	437	689	1	253	19
A6B12	426884b133b3a938abf15be7d613a207	87.008	254	1333	437	689	1	253	19
A6B12	583cc3095233fa679a9949d85f214fda	86.957	253	1333	437	689	1	253	19
A6B12	e75a702bbd46659966b08b11446b3001	87.008	254	1333	437	689	1	253	19
A6B12	23501a293580c7e0a7e4e1a35a24696c	87.059	255	1333	437	689	1	253	19
A6B12	58fda97af4c2b419b4462c8cabbefcaa	86.957	253	1333	437	689	1	253	19
A6B12	c1af461e6cfb0d29416c569a14c94d06	86.957	253	1333	437	689	1	253	19
A6B12	115fd2b69061271cbddc9ad9e3d95d46	87.008	254	1333	437	689	1	253	19
A6B12	5673ae66819e3bdbbc09461e4959159e	86.957	253	1333	437	689	1	253	19
A6B12	8907da6f86ba872b095823f855acf43a	86.957	253	1333	437	689	1	253	19
A6B12	14a1a17a89b2bd7a4807a842891df334	87.200	250	1333	437	686	1	250	19
A6B12	ff5a30d4a88898a0c0927fc279f5bb6c	86.957	253	1333	437	689	1	253	19
A6B12	c25047c3c5cc8bdaa469421c0e8d054f	87.302	252	1333	437	686	1	250	19
A6B12	ddaabd06670c314ac05b66698c9f59b9	86.957	253	1333	437	689	1	253	19
A6B12	38fd1660cd2527be4be4aee32b76e8a7	87.059	255	1333	437	689	1	253	19
A6B12	55084abfd3cf7f564058103af7535ff2	86.957	253	1333	437	689	1	253	19
A6B12	4174739d1976975633e06ded9a7e48fc	87.200	250	1333	437	686	1	250	19
A6B12	c23703909bceea9d1719e214872a4ee4	86.957	253	1333	437	689	1	253	19
A6B12	7db1e35e5f97980ef8ac0a82d075a5d5	86.957	253	1333	437	689	1	253	19
A6B12	54ecfe4ff988e1a035d30591a9efcae5	87.008	254	1333	437	689	1	253	19
A6B12	50135bffe85e419971c041844960bbb9	86.957	253	1333	437	689	1	253	19
A6B12	d332bcd7fb9ac5eb0c9654aaef0c5b79	87.008	254	1333	437	689	1	253	19
A6B12	fb5c440a7178113be9ee607dd7fd1211	87.008	254	1333	437	689	1	253	19
A6B12	acb989610f9ddc18c798b7f4a6200472	87.302	252	1333	437	686	1	250	19
A6B12	9bcfb6a865e61e87fa9532e72a552ac1	87.008	254	1333	437	689	1	253	19
A6B12	02aca0523cb4d38278cb9b2eca420fa1	87.059	255	1333	437	689	1	253	19
A6B12	f563537cc51995450181e9d59e6b15da	86.957	253	1333	437	689	1	253	19
A6B12	cc761daf51f27c423da57f3f1f0ff5cc	86.957	253	1333	437	689	1	253	19
A6B12	f5969a0147e281b407232a4586e925fe	86.957	253	1333	437	689	1	253	19
A6B12	3aabd22cc4c0a2eacc0bfe595c692827	86.957	253	1333	437	689	1	253	19
A6B12	84dae3ac15e19b7f12b542b73aa1a4ad	87.008	254	1333	437	689	1	253	19
A6B12	e08e23d2a89132c6e4adadb351a1e783	86.957	253	1333	437	689	1	253	19
A6B12	46edd9a681a1c394007859666f76d477	87.008	254	1333	437	689	1	253	19
A6B12	d78ae2a0ebec83f74aca4766d767c30b	87.008	254	1333	437	689	1	253	19
A6B12	bed9a27d381354af46d27ab02f0f168b	86.957	253	1333	437	689	1	253	19
A6B12	90dca07f1c2ef90e064daca98ed6d782	87.008	254	1333	437	689	1	253	19
A6B12	cb5ca9ea57b4297619b4459a0347252f	86.957	253	1333	437	689	1	253	19
A6B12	2dbc1777a3d602a5d81f1a8df3da37f7	87.059	255	1333	437	689	1	253	19
A6B12	9b0889e814e9561d9501afca9a244cb9	86.905	252	1333	438	689	2	253	19
A6B12	540943aaf3eee3e876a37a74bcd90d8a	86.038	265	1333	437	700	1	264	20
A6B12	2ea02f7f48380443049cf3a7f1907b0f	86.154	260	1333	442	701	6	265	20
A6B12	46ab13da0208044a671696c10cbe384a	87.149	249	1333	442	689	6	253	19
A6B12	eb750b3d880ad19ad7b355d1a93bc1ef	87.149	249	1333	442	689	6	253	19
A6B12	b7bcb431f5828942dcea83115b88710d	87.149	249	1333	442	689	6	253	19
A6B12	2f83259043baf24f9118be5113455dcd	87.149	249	1333	442	689	6	253	19
A6B12	eaeef3488bf3b937caaf655a293e60ab	87.149	249	1333	442	689	6	253	19
A6B12	60f1973ee25b4685b3b3ffed5ae0d58b	86.614	254	1333	437	689	1	253	19
A6B12	918393cf0341d68797bcb729ef1ae251	86.561	253	1333	437	689	1	253	19
A6B12	6a57112bea311c242ce18a66901d8d4d	86.561	253	1333	437	689	1	253	19
A6B12	b38e5b41f06e2efaee98529dc3b8cb55	86.561	253	1333	437	689	1	253	19
A6B12	a8790a72afbe9a760cc30ad16e38f988	86.561	253	1333	437	689	1	253	19
A6B12	815899731f4bce328ae9350be9fb996a	86.614	254	1333	437	689	1	253	19
A6B12	f40e5a3b682f0e89a7cf4f2a9d3c844d	85.401	274	1333	437	709	1	270	20
A6B12	b74362f2d500eade482813e38f0dfa5e	85.768	267	1333	425	689	5	270	20
A6B12	e601a217584c54e1d21203aab4a47203	86.614	254	1333	437	689	1	253	19
A6B12	a4bf2225e4bf2685d64d3883c4997f24	86.667	255	1333	437	689	1	253	19
A6B12	c7fd668a88bf57713fef373eb8c885c2	86.561	253	1333	437	689	1	253	19
A6B12	199edc37548b02d8720fb889c6ea4361	85.348	273	1333	418	689	1	271	20
A6B12	fdb7f7b89d229faab01c2d29573ce4ff	86.561	253	1333	437	689	1	253	19
A6B12	b515e3b9f48c16b81449f972e35c1643	86.561	253	1333	437	689	1	253	19
A6B12	56f2f8d92016592d0a62a4ccde871c9e	86.614	254	1333	437	689	1	253	19
A6B12	968d6c4f7103f905558e61415abdcbd0	86.667	255	1333	437	689	1	253	19
A6B12	c5c559009201361a98d2a72a6a194de8	86.561	253	1333	437	689	1	253	19
A6B12	509b6bf861b16b8f47177b98c8ae594c	86.561	253	1333	437	689	1	253	19
A6B12	df9663fd038562adeadf6a60a7352637	86.614	254	1333	437	689	1	253	19
A6B12	88ac34ef3f9ea7d3878b43ab82c5822e	86.561	253	1333	437	689	1	253	19
A6B12	08bb6a84c55a663867c37adde94f49fd	86.614	254	1333	437	689	1	253	19
A6B12	3373d064f5942c71089fa50229aa14fe	86.667	255	1333	437	689	1	253	19
A6B12	4203eaeb4facb4977c798b0c827c554b	86.853	251	1333	437	686	1	250	19
A6B12	b5f9781038e98e6417734af0f8876e23	86.561	253	1333	437	689	1	253	19
A6B12	103b0047283d6de8aabda1023ebfbaa6	86.614	254	1333	437	689	1	253	19
A6B12	b7de37e2ca43879d9891d6bc661e1346	86.561	253	1333	437	689	1	253	19
A6B12	21a0b7eac468be9ac18c36080aaa1810	86.561	253	1333	437	689	1	253	19
A6B12	af9644fc6a933256883aaabda34e2d57	86.561	253	1333	437	689	1	253	19
A6B12	7ffea606b2b244c9cd67a1f625095a35	86.800	250	1333	437	686	1	250	19
A6B12	a9c34ee968b52588118f4b7a94f49eab	86.770	257	1333	437	689	1	253	19
A6B12	9780db267a741e7c0e50b865beb0ac6f	86.614	254	1333	437	689	1	253	19
A6B12	42686594d50ddf5519ea2b63426adc52	86.561	253	1333	437	689	1	253	19
A6B12	b09d57715978a9b012b797363a55c2db	86.614	254	1333	437	689	1	253	19
A6B12	e87978b1d7061d7649401a6a1b0f0af5	86.561	253	1333	437	689	1	253	19
A6B12	8bedfea7ca308ad34092a400885a635b	86.667	255	1333	437	689	1	253	19
A6B12	9b80ca649e702e0e4989f797545e2757	86.667	255	1333	437	689	1	253	19
A6B12	adbec1602a58abd5aba613a0052f662a	86.853	251	1333	437	686	1	250	19
A6B12	fdc80a45bcdef231d1b87b4bb038452c	86.719	256	1333	437	689	1	253	19
A6B12	11b65e50351dae425ee9f74b9fd016d0	86.614	254	1333	437	689	1	253	19
A6B12	48a75201f523bf0a1e34cba2caec848f	86.667	255	1333	437	689	1	253	19
A6B12	d46e2205f0c6ecf67b51f83d111c509c	86.561	253	1333	437	689	1	253	19
A6B12	051aa0da3a3206e5f7457777594d3cc2	86.561	253	1333	437	689	1	253	19
A6B12	e378ddfd3e6fd6baaa2e17a487bf1a3f	86.614	254	1333	437	689	1	253	19
A6B12	969b88082b43e3d67451a5792cc68588	86.614	254	1333	437	689	1	253	19
A6B12	ae3c08efd8363704a8032cec0aa38ab9	86.561	253	1333	437	689	1	253	19
A6B12	0774ceb62811de2d1d4608453af53156	86.561	253	1333	437	689	1	253	19
A6B12	5b075f51aee72f8f02fedf9d0254dee9	86.561	253	1333	437	689	1	253	19
A6B12	c7e4525fcfc6462875eac6cc06776d13	86.561	253	1333	437	689	1	253	19
A6B12	3bb962ca053c5f1a8a9275baa404f176	86.614	254	1333	437	689	1	253	19
A6B12	0af8019f10aacb062d182d3aeb6a7281	86.561	253	1333	437	689	1	253	19
A6B12	7871e24f0c4bfc5715cd7174c425fd9b	86.905	252	1333	437	686	1	250	19
A6B12	eb939872b46eda495a16b64941f9d984	86.561	253	1333	437	689	1	253	19
A6B12	785dd8c31b74593ecbe067e1ea532799	86.561	253	1333	437	689	1	253	19
A6B12	807f9a7805ee81a42bad1e70b5c46be2	86.667	255	1333	437	689	1	253	19
A6B12	50b55b0e73a63cb6a4109532c8b5b753	86.561	253	1333	437	689	1	253	19
A6B12	123e60983c726a8edf6efd3e17668bfe	86.614	254	1333	437	689	1	253	19
A6B12	1a750f705b6133f5c16491932d6014da	86.561	253	1333	437	689	1	253	19
A6B12	f82975058199192d67f6080ffd613864	86.561	253	1333	437	689	1	253	19
A6B12	9c43d6c1e42217feddea1f8f7fb6a691	86.561	253	1333	437	689	1	253	19
A6B12	cdfd35ed51f2fb170b3edaeebd849783	86.667	255	1333	437	689	1	253	19
A6B12	f127bb3e904820f1e58436a18ac6b988	86.561	253	1333	437	689	1	253	19
A6B12	439c16f179139295354d8e7e8e880ea6	86.614	254	1333	437	689	1	254	19
A6B12	896083bb019d1c346782d30f7ea49d86	86.561	253	1333	437	689	1	253	19
A6B12	ab4a316f6ef641a7a161c3e95a8420c8	86.561	253	1333	437	689	1	253	19
A6B12	caa68010e3e574c4f1069b0ea4e6437e	86.561	253	1333	437	689	1	253	19
A6B12	cb5b9907447a49154182dee3ea78d16e	86.561	253	1333	437	689	1	253	19
A6B12	d88901cb49020af5065c223f6b713931	87.045	247	1333	444	689	7	253	18
A6B12	bc6904b86d7be9b8665304244bfb17f5	85.036	274	1333	437	709	1	271	20
A6B12	d6a1a88194372a1b0c86565d364040f2	85.091	275	1333	437	709	1	271	20
A6B12	4d0d9ee38f21fdae385502b6844ad459	86.800	250	1333	442	689	6	253	19
A6B12	c2f3d23156233101f5a08e9714370ab4	86.747	249	1333	442	689	6	253	19
A6B12	c19e7dcd8442547fca37fe0260859932	86.694	248	1333	442	689	6	253	19
A6B12	fc620f113f5df0efcc096f4082e62bcc	86.694	248	1333	442	689	6	253	19
A6B12	5281b67d1fb6a88e8948d35799086b73	86.747	249	1333	442	689	6	253	19
A6B12	0ef8f28643e37a980a079e95222a735c	86.800	250	1333	442	689	6	253	19
A6B12	2397bb7a99ccbaa8d49f4f86686b1fde	86.747	249	1333	442	689	6	253	19
A6B12	c773a8a66f628cd24d989a63dbaeebdd	86.992	246	1333	442	686	6	250	18
A6B12	32138257fbc4c61e2573c7e2ad92cc3d	86.747	249	1333	442	689	6	253	19
A6B12	8fddb6bab6fd3f153a37d56cd0548e5d	86.800	250	1333	442	689	6	253	19
A6B12	44120e77e99d392767a46776cae4d322	86.747	249	1333	442	689	6	253	19
A6B12	08c8839ae52a2d167fab77c50ba4253c	86.747	249	1333	442	689	6	253	19
A6B12	df578e1d6534089972f839be912c37d8	86.166	253	1333	437	689	1	253	19
A6B12	546c0d514a0c1a8857be4da2dffe4c53	86.275	255	1333	437	689	1	253	19
A6B12	339755ab3e6be5c7a420d17a7d194de8	86.166	253	1333	437	689	1	253	19
A6B12	232411c470226848df831632d6501bc4	86.166	253	1333	437	689	1	253	19
A6B12	f15eb9ea9ef3a8cddc7ea1d214ad84ea	86.220	254	1333	437	689	1	253	19
A6B12	1ce4f2a68362ce10c0fd04fcffd7cc4a	85.075	268	1333	422	689	6	273	20
A6B12	6344b136add8a8735c2504579ac78d61	86.328	256	1333	437	689	1	253	19
